%
%THIS IS A WIZARD GENERATED FILE. DO NOT EDIT THIS FILE!
%
%---------------------------------------------------------------------------------------------------------
%This is a filter with fixed coefficients.
%This Model Only Support Single Channel Input Data.
%Please input:
%data vector: 		stimulation(1:n)

%    This Model Only Support FIR_WIDTH to 51 Bits

%FILTER PARAMETER
%Input Data Width: 12
%Interpolation Factor: 1
%Decimation Factor: 1
%FIR Width (Full Calculation Width Before Output Width Adjust) :39
%-----------------------------------------------------------------------------------------------------------
%MegaWizard Scaled Coefficient Values

function  output = REVERB_fir_compiler_ii_0_mlab(stimulation, bank);
 coef_matrix_in= [0,0,0,0,0,0,0,0,0,0,0,0,0,0,0,0,0,0,0,0,0,0,0,0,0,0,0,0,0,0,0,0,0,0,0,0,0,0,0,0,0,0,0,0,0,0,0,0,0,0,0,0,0,0,0,0,0,0,0,0,0,0,0,0,0,0,0,0,0,0,0,0,0,0,0,0,0,0,0,0,0,0,0,0,0,0,0,0,0,0,0,0,0,0,0,0,0,0,0,0,0,0,0,0,0,0,0,0,0,0,0,0,0,0,0,0,0,0,0,0,0,0,0,0,0,0,0,0,0,0,0,0,0,0,0,0,0,0,0,0,0,0,0,0,0,0,0,0,0,0,0,0,0,0,0,0,0,0,0,0,0,0,0,0,0,0,0,0,0,0,0,0,0,0,0,0,0,0,0,0,0,0,0,0,0,0,0,0,0,0,0,0,0,0,0,0,0,0,0,0,0,0,0,0,0,0,0,0,0,0,0,0,0,0,0,0,0,0,0,0,0,0,0,0,0,0,0,0,0,0,0,0,0,0,0,0,0,0,0,0,0,0,0,0,0,0,0,0,0,0,0,0,0,0,0,0,0,0,0,0,0,0,0,0,0,0,0,0,0,0,0,0,0,0,0,0,0,0,0,0,0,0,0,0,0,0,0,0,0,0,0,0,0,0,0,0,0,0,0,0,0,0,0,0,0,0,0,0,0,0,0,0,0,0,0,0,0,0,0,0,0,0,0,0,0,0,0,0,0,0,0,0,0,0,0,0,0,0,0,0,0,0,0,0,0,0,0,0,0,0,0,0,0,0,0,0,0,0,0,0,0,0,1,1,0,0,0,-1,-1,0,0,1,0,0,0,0,0,0,0,0,-1,-1,0,0,0,0,0,0,0,0,0,0,0,0,0,0,0,0,0,0,0,0,0,0,0,0,0,1,1,0,0,0,2,3,3,2,1,1,0,0,0,1,2,3,3,3,2,0,1,4,2,-2,-6,-7,-6,-4,-1,1,2,2,1,0,-2,-3,-2,-2,-3,-3,-3,-3,-1,0,0,0,-1,-1,0,0,-1,-2,-2,-2,-2,-1,0,0,1,2,2,1,0,-1,-1,-1,-2,-3,-3,-2,-1,0,1,1,1,1,1,0,0,0,-1,-2,-3,-2,-1,0,0,0,-1,-2,-3,-2,0,1,2,1,0,0,0,0,0,0,0,0,0,0,-1,0,0,-2,-2,-1,0,0,0,0,-2,-2,-2,-1,0,0,0,0,0,0,0,0,0,0,0,0,0,0,0,0,1,1,1,0,0,0,0,0,0,1,1,1,1,1,1,0,0,0,0,0,0,0,0,0,0,0,1,1,0,0,0,0,0,1,1,1,1,2,2,1,1,0,0,0,1,0,0,0,0,1,1,0,0,0,0,0,0,0,0,0,0,0,0,0,0,0,0,0,0,0,1,1,1,0,0,0,0,0,0,0,0,0,0,0,0,0,0,0,0,0,0,0,0,0,1,1,1,1,0,0,0,0,0,0,0,0,0,0,0,0,0,0,0,1,2,1,0,-1,0,1,1,2,1,0,0,0,0,0,0,1,1,1,1,0,0,1,1,1,0,1,0,0,0,0,0,0,0,0,0,0,0,0,0,0,0,0,0,0,0,0,0,0,-1,-1,0,0,0,0,0,0,0,1,1,1,0,0,0,0,0,1,2,2,2,1,1,2,2,2,1,0,0,0,0,0,0,0,0,0,0,0,1,2,3,1,0,0,0,0,0,2,2,2,3,2,1,2,3,3,3,3,3,2,1,1,4,4,3,4,7,4,2,0,-1,-3,-4,-1,2,5,7,6,1,-3,-9,-14,-17,-18,-18,-17,-14,-10,-6,-3,-1,0,2,3,2,2,0,0,0,0,0,0,-1,-1,-1,-1,0,0,0,1,0,0,2,3,4,5,4,3,1,0,0,0,0,0,0,-1,-2,-2,-2,-1,-1,-2,-2,-2,-2,-2,-2,0,0,0,-1,0,0,0,0,1,1,0,0,0,0,1,0,0,0,-2,-2,-1,0,0,-2,-2,-1,0,0,0,0,-2,-1,0,0,0,0,-2,-3,-2,-1,-1,-1,-1,-1,-1,-2,-1,-1,-3,-4,-3,-1,-1,0,-1,-1,-1,0,1,1,-1,-2,-1,0,0,1,2,2,1,1,1,0,0,0,0,-1,-1,0,0,0,0,0,1,1,0,0,0,1,1,0,0,0,0,0,0,1,2,2,1,0,0,1,0,-3,0,9,0,-10,-10,-5,-1,0,3,6,9,6,3,1,0,0,-1,-4,-4,-3,0,0,-4,-2,3,9,10,9,8,7,4,2,2,3,4,2,1,1,2,5,6,5,4,6,7,5,4,4,7,6,1,-1,0,2,1,0,-1,-4,-7,-5,-1,0,-1,-2,0,-1,-2,-1,0,0,-1,-2,-3,-4,-4,-4,-3,-3,-1,0,1,-1,-3,-4,-3,-2,-4,-5,-7,-10,-11,-10,-11,-11,-10,-7,-4,-3,-4,-6,-5,-3,-1,-1,-1,0,0,-2,-4,-4,-3,-4,-5,-5,-5,-4,-3,-3,-3,-3,-2,-2,-1,-1,-3,-4,-3,-3,-2,0,2,2,1,0,0,0,0,1,1,0,-2,-1,0,2,2,0,-1,0,0,0,0,1,2,2,2,3,3,2,0,0,2,4,4,3,2,1,0,0,1,2,4,5,5,4,3,1,1,2,3,3,3,2,0,0,2,3,2,0,0,1,2,4,4,2,0,0,0,0,1,3,5,5,3,3,3,4,3,1,0,1,0,0,0,1,3,4,7,6,5,1,-1,-1,0,-1,-1,0,0,0,0,-1,-2,-2,-1,0,0,0,0,-1,0,2,3,3,3,1,0,0,-1,0,0,2,4,4,2,0,-1,0,2,2,3,4,4,1,1,1,1,3,5,2,-1,-1,0,-1,-7,-10,2,16,15,4,-14,-22,-17,-10,0,7,16,25,19,7,-1,-3,1,0,-5,-5,-4,-4,-2,1,1,-1,-3,-1,0,0,0,2,3,8,11,10,6,1,-2,-2,0,5,9,11,11,10,10,15,21,24,23,18,12,5,3,6,6,3,0,-3,-6,-7,-5,-6,-5,0,-2,-14,-20,-15,-10,-13,-16,-9,-2,-1,-3,-5,-6,-14,-18,-8,1,-1,-11,-13,-9,-9,-9,-3,3,3,-4,-10,-8,-6,-9,-19,-24,-18,-6,0,0,1,0,-4,-5,-2,-5,-8,-11,-13,-14,-12,-9,-8,-8,-6,0,3,4,3,1,0,-3,-3,-3,-5,-5,-6,-3,1,4,3,-2,-5,-7,-6,-1,4,4,-2,-7,-9,-6,-2,0,0,-1,0,0,-1,-2,0,2,3,1,2,3,5,7,5,1,-1,-2,0,2,4,4,2,2,2,2,1,0,0,1,1,2,1,0,-1,0,4,5,6,5,3,2,4,6,9,10,7,2,3,4,3,4,5,6,6,5,6,5,5,6,6,10,13,11,5,0,0,1,0,0,0,0,-1,0,0,-2,-1,3,8,11,9,5,7,11,10,8,7,5,5,4,3,3,5,1,-3,-2,1,5,4,5,5,2,1,3,7,9,6,1,0,-1,-3,-2,0,1,0,0,2,5,7,3,1,1,3,5,3,-2,-5,-4,-6,-9,-6,-2,-5,-7,-5,-1,0,0,0,2,0,1,4,5,4,2,1,1,0,-4,-7,-7,-1,3,5,6,6,8,7,3,3,4,3,3,2,0,-5,-8,-7,-4,-2,0,3,2,-2,-6,-7,-4,0,6,13,15,9,0,-4,-2,-1,-1,1,7,8,7,12,14,16,23,32,32,12,-14,-24,-19,-14,-12,-5,3,3,0,-3,-10,-14,-14,-13,-11,-9,0,10,1,-14,-10,2,8,4,-5,-10,-8,-4,-1,2,4,4,2,1,0,-2,-5,-5,-5,-3,3,4,-3,-12,-15,-10,-7,-7,-8,-7,-4,-1,-1,-1,2,2,-3,-9,-8,-9,-15,-17,-12,-4,0,4,6,3,-1,-3,-3,-5,-8,-8,-8,-12,-13,-11,-10,-11,-8,-5,-4,-4,-3,-1,-1,0,3,10,10,4,-1,-3,-1,1,2,4,2,-2,-3,-4,0,5,6,5,6,6,5,3,0,0,1,5,9,9,3,-2,-2,1,4,8,10,7,4,5,5,3,5,9,10,7,5,4,7,13,13,9,3,-3,-6,-4,3,10,14,10,0,-6,-6,-4,-5,-2,3,7,4,4,13,13,0,-11,-15,-13,-6,7,22,28,23,13,4,0,-1,0,3,6,7,6,5,1,0,0,0,0,5,9,8,4,6,5,0,-5,-7,-8,-8,-8,-11,-11,-11,-11,-7,-3,-4,-7,-10,-13,-14,-13,-14,-14,-13,-9,-5,-3,-3,-7,-12,-11,-3,2,-5,-16,-17,-10,-5,-5,-3,2,4,0,-10,-15,-14,-13,-14,-15,-12,-11,-15,-18,-18,-15,-7,1,4,5,3,-2,-5,-1,7,10,5,1,-4,-11,-14,-12,-9,-12,-19,-21,-16,-8,-1,2,1,0,1,1,-3,-7,-9,-8,-7,-5,-3,-7,-10,-9,-3,1,2,3,5,6,4,0,-6,-6,0,6,8,7,6,8,7,6,8,9,9,10,11,7,0,-3,-4,0,10,17,14,11,13,14,13,10,7,5,6,13,13,5,2,5,7,5,5,4,5,5,4,6,12,14,8,4,3,2,3,4,3,2,1,0,-1,-1,-1,-2,0,3,4,2,1,6,8,5,0,0,0,1,0,-4,-5,-6,-6,-5,-5,-2,-2,-1,4,7,1,-5,-7,-7,-6,-6,-7,-10,-10,-5,0,-1,-5,-7,-11,-14,-13,-9,-5,0,-2,-7,-10,-12,-11,-9,-8,-4,0,-1,-6,-8,-6,-4,-7,-10,-8,-7,-7,-7,-5,-2,0,0,-4,-6,-4,-1,-2,-3,2,11,15,10,2,-3,-2,3,13,20,15,2,-2,-3,-4,-3,4,9,7,6,9,11,7,3,2,4,9,13,12,8,6,7,11,12,13,17,20,20,19,15,11,7,1,0,1,4,5,8,11,9,6,2,0,0,0,-3,-5,-2,1,2,0,-1,-5,-6,-5,-3,-5,-9,-12,-14,-19,-20,-15,-12,-12,-11,-9,-4,5,12,10,1,-9,-15,-17,-13,-4,2,8,10,14,15,11,7,6,6,2,-4,-5,1,7,11,14,12,8,7,5,-3,-7,-6,-3,0,3,4,0,-3,-5,-2,0,1,1,1,0,-2,-1,2,4,3,0,-4,-5,-5,-2,0,2,0,-1,1,4,4,1,-5,-16,-23,-19,-12,-6,0,7,8,5,5,5,4,0,-5,-7,-5,-2,-1,-4,-5,-2,0,-3,-4,-5,-7,-10,-9,-4,-2,-2,1,3,4,2,-5,-10,-13,-13,-8,0,7,7,5,5,5,8,11,7,0,-4,-10,-14,-11,-3,4,5,2,3,6,8,5,-1,-5,-8,-11,-12,-7,-1,-1,-2,-6,-10,-10,-4,2,8,8,5,5,6,6,7,9,6,2,1,0,0,0,0,-4,-3,1,5,7,2,-2,-3,-5,-10,-11,-8,-8,-5,0,-1,-5,-6,-11,-14,-14,-9,-3,1,-1,-5,-1,3,3,-2,-4,9,26,28,16,3,-4,0,12,21,19,10,1,-2,-1,2,1,3,10,17,17,18,19,16,10,8,7,7,8,15,12,0,-3,-5,-9,-7,-1,-2,-8,-14,-16,-14,-8,-6,-10,-8,0,2,0,0,0,-6,-15,-19,-19,-19,-17,-13,-9,-6,-9,-12,-6,0,2,6,11,12,11,9,5,2,5,9,12,14,12,8,7,4,0,-3,-4,0,0,2,7,8,2,0,4,8,1,-9,-14,-7,2,3,-4,-9,-6,-4,-8,-11,-6,4,10,6,-1,-3,0,1,0,-1,1,4,6,8,8,9,7,2,-3,-1,-1,-5,-7,-4,0,5,8,5,2,5,6,4,0,0,4,10,9,8,11,7,-3,-6,2,12,10,1,-1,1,7,12,13,11,12,17,17,13,8,5,5,8,12,14,15,8,2,6,14,18,15,16,18,11,0,-2,2,6,9,9,8,5,1,0,3,8,9,7,1,-9,-23,-31,-26,-16,-13,-16,-13,-4,0,0,-3,-3,-3,-7,-10,-15,-20,-19,-17,-12,-7,-5,0,4,9,5,-8,-15,-6,4,4,-6,-16,-19,-12,-6,-4,-5,-1,2,-3,-16,-21,-12,-5,-4,-4,1,4,-1,-9,-11,-9,-10,-10,-7,-7,-10,-8,-3,0,0,-3,-7,-11,-7,2,10,16,19,14,4,2,2,5,16,23,24,23,18,13,11,14,12,9,16,25,27,24,19,13,7,5,7,8,10,8,4,-2,-3,0,3,1,2,5,0,-9,-8,-1,6,5,0,0,1,-2,-9,-9,-4,-5,-7,-4,-4,-5,-2,2,3,2,0,-1,-1,-3,-3,-3,-3,-2,1,2,-2,-10,-12,-11,-11,-6,1,11,19,18,10,4,-2,-8,-7,-2,1,8,10,6,8,15,15,12,12,16,21,17,9,0,-8,-9,-2,7,12,11,9,5,-2,0,11,21,23,17,9,4,6,7,6,7,7,4,-3,-2,4,1,-4,-8,-12,-14,-16,-15,-11,-8,-7,-5,0,3,0,-8,-17,-20,-19,-14,-5,-2,-5,-6,-2,0,-1,-2,-1,0,2,-1,-7,-6,-1,1,-1,-6,-13,-18,-23,-23,-16,-8,-5,-7,-10,-14,-20,-22,-13,-3,-1,0,5,10,9,2,-3,-2,-1,-2,-2,2,7,6,4,1,-1,-2,0,5,5,0,-7,-1,2,1,-6,-17,-24,-23,-23,-35,-40,-12,24,29,3,-22,-34,-29,-19,-6,4,4,2,8,11,6,-1,-10,-20,-25,-21,-12,6,18,8,-9,-14,-2,16,35,45,37,26,25,23,16,5,-3,-14,-31,-36,-31,-22,-10,9,27,30,23,18,6,-13,-25,-29,-23,-11,-6,-6,-4,-5,-7,-9,-9,-7,-4,-4,-3,-2,-2,-8,-12,-7,0,3,-2,-6,-2,7,17,21,18,15,9,-5,-24,-36,-38,-33,-21,-7,1,6,7,1,-4,-14,-24,-28,-23,-13,-3,4,6,0,-2,8,21,19,8,0,-6,-10,-7,0,5,14,27,37,37,28,18,9,1,-2,0,10,17,16,12,7,3,-2,-16,-31,-39,-33,-17,-1,6,6,-2,-6,-1,-1,-9,-14,-12,-7,-3,0,3,10,22,34,31,20,8,2,2,5,9,10,7,2,3,8,11,5,-6,-16,-16,-7,-1,-2,1,12,25,32,29,22,18,13,1,-8,-6,