%
%THIS IS A WIZARD GENERATED FILE. DO NOT EDIT THIS FILE!
%
%---------------------------------------------------------------------------------------------------------
%This is a filter with fixed coefficients.
%This Model Only Support Single Channel Input Data.
%Please input:
%data vector: 		stimulation(1:n)

%    This Model Only Support FIR_WIDTH to 51 Bits

%FILTER PARAMETER
%Input Data Width: 12
%Interpolation Factor: 1
%Decimation Factor: 1
%FIR Width (Full Calculation Width Before Output Width Adjust) :43
%-----------------------------------------------------------------------------------------------------------
%MegaWizard Scaled Coefficient Values

function  output = REVERB_fir_compiler_ii_0_mlab(stimulation, bank);
 coef_matrix_in= [0,0,0,0,0,0,0,0,0,0,0,0,0,0,0,0,0,0,0,0,0,0,0,0,0,0,0,0,0,0,0,0,0,0,0,0,0,0,0,0,0,0,0,0,0,0,0,0,0,0,0,0,0,0,0,0,0,0,0,0,0,0,0,0,0,0,0,0,0,0,0,0,0,0,0,0,0,0,0,0,0,0,0,0,0,0,0,0,0,0,0,0,0,0,0,0,0,0,0,0,0,0,0,0,0,0,0,0,0,0,0,0,0,0,0,0,0,0,0,0,0,0,0,0,0,0,0,0,0,0,0,0,0,0,0,0,0,0,0,0,0,0,0,0,0,0,0,0,0,0,0,0,0,0,0,0,0,0,0,0,0,0,0,0,0,0,0,0,0,0,0,0,0,0,0,0,0,0,0,0,0,0,0,0,0,0,0,0,0,0,0,0,0,0,0,0,0,0,0,0,0,0,0,0,0,0,0,0,0,0,0,0,0,0,0,0,0,0,0,0,0,0,0,0,0,0,0,0,0,0,0,0,0,0,0,0,0,0,0,0,0,0,0,0,0,0,0,0,0,0,0,0,0,0,0,0,0,0,0,0,0,0,0,0,0,0,0,0,0,0,0,0,0,0,0,0,0,0,0,0,0,0,0,0,0,0,0,0,0,0,0,0,0,0,0,0,0,0,0,0,0,0,0,0,0,0,0,0,0,0,0,0,0,0,0,0,0,0,0,0,0,0,0,0,0,0,0,0,0,0,0,0,0,0,0,0,0,0,0,0,0,0,0,0,0,0,0,0,0,0,0,0,0,0,0,0,0,0,0,0,0,0,0,0,0,0,0,0,0,0,0,0,0,0,0,0,0,0,0,0,0,0,0,0,0,0,0,0,0,0,0,0,0,0,0,0,0,0,0,0,0,0,0,0,0,0,0,0,0,0,0,0,0,0,0,0,0,0,0,0,0,0,0,0,0,0,0,0,0,0,0,0,0,0,0,0,0,0,0,0,0,0,0,0,0,0,0,0,0,0,0,0,0,0,0,0,0,0,0,0,0,0,0,0,0,0,0,0,0,0,0,0,0,0,0,0,0,0,0,0,0,0,0,0,0,0,0,0,0,0,0,0,0,0,0,0,0,0,0,0,0,0,0,0,0,0,0,0,0,0,0,0,0,0,0,0,0,0,0,0,0,0,0,0,0,0,0,0,0,0,0,0,0,0,0,0,0,0,0,0,0,0,0,0,0,0,0,0,0,0,0,0,0,0,0,0,0,0,0,0,0,0,0,0,0,0,0,0,0,0,0,0,0,0,0,0,0,0,0,0,0,0,0,0,0,0,0,0,0,0,0,0,0,0,0,0,0,0,0,0,0,0,0,0,0,0,0,0,0,0,0,0,0,0,0,0,0,0,0,0,0,0,0,0,0,0,0,0,0,0,0,0,0,0,0,0,0,0,0,0,0,0,0,0,0,0,0,0,0,0,0,0,0,0,0,0,0,0,0,0,0,0,0,0,0,0,0,0,0,0,0,0,0,0,0,0,0,0,0,0,0,0,0,0,0,0,0,0,0,0,0,0,0,0,0,0,0,0,0,0,0,0,0,0,0,0,0,0,0,0,0,0,0,0,0,0,0,0,0,0,0,0,0,0,0,0,0,0,0,0,0,0,0,0,0,0,0,0,0,0,0,0,0,0,0,0,0,0,0,0,0,0,0,0,0,0,0,0,0,0,0,0,0,0,0,0,0,0,0,0,0,0,0,0,-1,0,0,0,0,0,0,0,0,0,5,-8,-1,-15,19,8,4,-5,-11,8,-48,-2,11,-17,6,2,-1,-7,-20,0,-8,-23,0,1,8,4,-14,2,10,8,3,-4,-5,0,6,3,3,-4,-6,-8,-3,-2,2,3,5,4,-3,5,3,5,4,3,8,2,1,0,-1,0,5,6,2,0,4,5,1,3,4,3,2,2,5,6,6,4,5,2,2,2,2,2,5,4,4,2,3,4,3,3,3,3,3,4,2,6,2,4,2,5,-3,11,-9,32,-66,-52,121,-43,-2,20,-74,-37,16,17,-17,25,-5,7,2,-11,12,-16,-2,8,4,12,7,6,0,-3,-15,-1,7,-4,11,3,-8,-3,3,5,2,3,4,0,4,6,3,0,-2,3,7,0,1,3,-5,2,-2,0,1,-3,0,2,4,0,7,7,4,3,0,-1,2,4,0,3,1,0,1,1,-1,-4,0,0,2,0,0,2,3,1,0,4,4,3,2,4,4,0,0,2,1,1,0,0,-1,-2,-1,-1,-1,-1,-1,0,0,-2,-2,-2,-2,0,0,-1,-2,-1,0,-1,-1,-2,-1,-1,-2,0,0,-2,-2,-2,-2,0,-3,-2,-1,2,6,-2,-3,-2,0,1,0,0,0,0,-2,-1,-4,-3,0,-1,-1,1,-1,0,-1,-1,1,-1,0,-2,-3,-2,-4,-2,-3,-2,-2,-4,-3,-1,-3,-2,-2,-4,-3,-3,-2,-3,-5,-3,-3,-5,-5,-4,-5,-5,-4,-6,-6,-3,-1,-3,-7,-6,-5,-4,-2,-3,-5,-6,-5,-6,-5,-5,-4,-2,-2,-3,-3,-4,-3,-2,-4,-3,-4,-3,-3,-4,-3,-4,-5,-6,-3,-4,-5,-3,-4,-4,-5,-4,-5,-5,-2,-4,-4,-4,-2,-1,-5,-4,-4,-5,-5,-5,-7,-6,-6,-5,-4,-4,-3,-5,-5,-4,-6,-4,-4,0,-3,-4,0,-6,0,0,-1,-2,-1,1,0,0,-3,-2,-2,-1,-3,-1,-1,-5,0,1,-2,-5,-3,-1,1,-1,-4,-4,-6,-5,-2,0,-1,-6,-7,-3,0,-1,-2,0,-1,0,0,0,0,-1,-1,-1,-1,-1,0,0,0,0,0,3,2,0,1,4,1,3,3,1,3,1,3,4,1,1,0,3,3,6,4,5,6,1,5,4,6,5,6,4,6,5,4,7,3,4,5,5,6,3,3,5,3,5,5,5,5,3,3,5,7,5,1,2,4,7,8,6,4,1,1,3,2,3,3,2,0,4,3,5,11,0,3,2,4,11,6,4,4,7,4,5,1,4,4,9,-6,5,5,0,11,-10,5,-4,5,-1,0,6,-3,0,-4,10,4,2,9,1,7,15,3,8,0,5,11,16,4,6,2,15,0,28,-8,-41,33,-3,23,8,-40,-34,32,17,7,16,-21,0,26,21,12,11,4,16,4,0,3,-7,-11,31,6,23,3,-10,16,3,12,4,16,0,15,6,7,0,4,-8,10,28,0,4,-12,9,30,30,8,-2,-29,0,13,1,-22,-41,3,-25,-23,15,5,10,6,-8,20,1,-12,10,13,49,22,3,0,1,19,16,18,14,-1,-9,7,3,-4,10,7,-1,16,-15,10,1,21,0,17,-5,8,1,10,-1,2,-3,30,-14,-131,117,-7,124,-252,-59,123,-60,165,-174,-88,-43,27,-86,75,62,-42,96,-2,-20,11,-19,30,111,-31,-20,-43,9,41,49,38,-39,-9,0,3,22,-31,7,-9,-20,2,-13,4,-3,31,-5,-17,-14,5,-18,11,-21,3,19,-46,19,-25,-18,3,-17,18,4,-24,-8,-30,8,-7,24,11,-8,-10,-29,35,-66,3,-14,-29,30,-6,-16,-44,34,-38,-53,1,-38,3,22,-12,-2,18,11,16,-3,-28,-14,15,28,-8,-14,18,-5,9,19,1,18,-8,-12,-19,0,0,-13,12,-4,-9,18,-8,-29,59,22,-25,-15,-59,-50,80,-1,-9,9,-65,58,2,54,11,25,2,-30,36,-26,27,-18,15,-11,-1,-41,-12,15,-24,52,-41,37,-19,0,36,-41,16,58,9,-71,37,-69,5,62,16,81,-51,-22,-5,-23,14,23,25,-3,14,-32,-1,31,-14,39,-2,6,21,3,-8,42,29,-44,-20,-32,3,-3,-2,8,2,24,-27,-7,23,-14,19,-17,-22,-18,9,-1,-38,-14,1,27,-29,9,1,-6,2,7,16,-4,-6,-47,-5,8,42,-5,-49,-1,-22,16,17,-12,-8,-1,5,-12,-27,-9,8,17,0,-25,-17,-15,-17,-28,-2,1,-13,-9,-10,5,14,-9,-44,10,-11,11,-2,-31,25,-19,4,-25,-32,3,-11,-15,7,-22,-26,0,-16,-12,1,-33,-20,-7,-43,10,-7,-16,0,-9,-14,15,-27,-2,-19,-36,-22,5,5,-46,47,-6,-7,-8,-55,-43,-17,-62,-19,-12,-23,-21,-17,37,2,-39,-49,22,9,51,-5,-44,-6,7,-14,-18,1,3,1,-28,-44,-35,-15,-56,-46,-38,-6,-10,-14,2,-52,-3,51,-33,6,10,-46,3,5,17,23,13,12,0,22,0,0,11,-14,21,16,-30,12,3,-40,2,-27,-12,26,13,18,0,-41,-3,15,-10,-13,16,-37,-49,84,39,-8,4,-15,-8,26,-4,-30,3,-38,-35,27,-19,-19,12,-25,-28,-59,8,37,-21,24,-10,-5,12,21,87,1,-11,-17,-6,27,28,62,18,6,-3,16,28,-3,27,0,-81,35,36,-1,2,-37,39,-14,-32,-10,-9,-25,-17,19,-32,-79,-2,-12,-64,14,0,-27,8,49,-11,-38,21,8,-9,-19,0,42,-21,-5,31,-122,-27,72,-84,-67,-10,-13,-68,-23,-117,-133,60,36,64,96,44,62,42,76,144,93,86,7,36,64,39,-11,-11,-53,58,0,107,13,28,-68,-147,354,-47,359,-106,-175,148,-258,-53,-113,101,-243,-225,256,43,-35,134,-3,119,-45,-6,258,104,98,98,41,13,158,-46,43,195,-5,24,32,31,-105,87,28,31,92,-35,4,105,69,-137,-179,-129,412,28,150,-122,-818,-57,51,-74,-156,-264,-183,16,1,31,298,234,78,93,65,104,250,124,15,82,71,162,163,54,0,62,155,53,44,92,159,162,90,-46,-61,25,-37,-11,60,-34,-5,49,53,78,-42,8,59,105,56,-44,-30,-35,-12,7,82,43,48,0,-40,-7,-94,-46,-28,6,-11,30,23,-68,19,19,30,-73,-53,-15,-60,-12,-72,54,44,-52,-2,3,-5,-59,-23,-52,13,-22,-163,-23,102,5,-122,-164,-146,-172,-112,20,-30,67,54,-34,65,7,-82,-121,-191,-193,-209,-186,-163,-193,-187,-80,-54,-15,17,0,45,-72,-46,-47,-79,22,-20,-70,-22,-79,-93,-79,-23,50,16,44,-7,-22,-18,-19,-54,-103,-39,-52,-64,2,-67,-57,19,-31,52,45,-5,69,52,13,22,-17,-49,-32,67,79,50,64,13,38,68,93,124,97,25,14,-9,-13,16,32,19,13,-4,28,81,22,63,61,87,130,141,83,46,39,-18,61,51,65,52,12,115,103,86,100,91,95,48,52,67,98,59,43,48,24,58,66,82,22,-38,-93,-62,68,130,137,-10,-137,-2,-7,12,32,42,32,-70,20,37,-16,-12,5,1,84,-16,38,56,-119,49,4,-23,47,-24,50,35,-46,-53,-65,-34,-11,-18,-11,-14,-31,-10,-21,-43,-4,-20,-34,-33,11,60,37,126,34,-67,-7,-57,16,31,-141,-122,-96,-11,59,53,77,-23,3,-11,-64,-50,-65,-80,30,32,-118,-73,-18,7,7,-39,-8,-27,21,48,-73,-130,-30,16,-110,-63,-32,27,15,-84,-53,-73,-80,-62,-108,-106,-50,-14,1,-49,-15,-1,-4,-22,13,25,-3,-84,-83,-27,-57,4,-70,-147,-94,-26,89,111,-81,-85,46,50,-94,-85,-18,69,31,-171,-172,-138,87,159,71,47,-6,-26,-33,-9,1,-69,-25,2,-11,47,-47,-80,-83,-78,-31,3,38,-3,-5,55,36,-19,22,16,-3,-71,-84,-28,-71,-108,-33,-12,-69,-51,-60,-60,11,-19,-21,-40,-158,-20,-31,-51,-56,-49,-9,17,57,-85,-122,-98,-18,33,54,68,74,80,-5,20,109,65,94,118,94,35,66,90,46,50,-55,-35,2,-19,-4,-10,-1,-39,-43,-48,43,1,-45,47,-29,115,61,-59,81,45,30,66,53,41,14,5,15,88,129,95,21,10,22,64,127,73,36,38,19,-48,-10,2,31,65,49,46,-23,-63,-10,40,40,31,51,84,53,-36,-27,37,-69,-46,28,38,-22,-53,-2,-17,-56,-120,-85,-41,-62,-39,80,137,67,47,40,37,157,129,62,-73,-86,48,-27,-85,-137,5,139,23,-121,-64,-37,-12,115,31,-8,52,95,73,101,194,145,143,145,55,47,-3,-62,-17,-36,-40,-28,-123,-115,-27,-38,-47,-24,-44,-45,-35,15,70,85,76,-12,34,81,5,58,84,0,-107,-134,-99,0,72,-1,-6,12,38,27,51,87,-11,-92,11,48,-9,42,-44,-16,-23,-99,-29,34,36,9,45,-20,-58,-62,-87,-98,-61,-57,-90,-64,-37,0,-40,-42,-45,-54,13,-11,-25,-37,-58,-61,51,-85,-193,-86,-55,-10,-28,80,-28,25,32,67,71,-20,-23,-132,-67,31,156,83,53,-33,-107,-77,5,45,83,10,59,107,2,53,-38,30,172,240,151,84,123,118,-4,